0 0.7828125 0.3671875 0.1359375 0.428125
0 0.14609375 0.24765625 0.2921875 0.4015625
0 0.2609375 0.53984375 0.1484375 0.3078125
0 0.25078125 0.934375 0.3515625 0.13125
0 0.25390625 0.7015625 0.4484375 0.190625
0 0.45234375 0.86015625 0.1015625 0.2796875
0 0.3796875 0.1015625 0.0796875 0.165625
0 0.59765625 0.18203125 0.69375 0.2625
0 0.55234375 0.06015625 0.0703125 0.1203125
0 0.40078125 0.403125 0.140625 0.2375
0 0.653125 0.65625 0.3765625 0.1703125
0 0.91171875 0.48046875 0.1765625 0.1484375
0 0.90625 0.70078125 0.1875 0.1296875
0 0.83125 0.85078125 0.228125 0.203125