0 0.196875 0.4234375 0.05625 0.425
0 0.840625 0.1765625 0.315625 0.3484375
0 0.7421875 0.49375 0.09453125 0.2953125
0 0.834375 0.91953125 0.328125 0.15390625
0 0.7796875 0.65078125 0.4359375 0.109375
0 0.61640625 0.85234375 0.04765625 0.290625
0 0.5421875 0.0859375 0.04921875 0.15859375
0 0.34375 0.20625 0.68203125 0.13515625
0 0.3625 0.0703125 0.046875 0.13125
0 0.57890625 0.3859375 0.09921875 0.22109375
0 0.3796875 0.6828125 0.3640625 0.103125
0 0.0859375 0.56171875 0.16875 0.11953125
0 0.11484375 0.78046875 0.22578125 0.0890625
0 0.2421875 0.9078125 0.19921875 0.16875