0 0.528125 0.81171875 0.428125 0.121875
0 0.8375 0.2140625 0.325 0.365625
0 0.54375 0.26171875 0.30625 0.1390625
0 0.1375 0.1390625 0.203125 0.278125
0 0.39453125 0.21171875 0.1765625 0.4234375
0 0.1703125 0.3296875 0.29375 0.0921875
0 0.915625 0.5234375 0.165625 0.075
0 0.76484375 0.6765625 0.2390625 0.646875
0 0.903125 0.703125 0.1375 0.0671875
0 0.625 0.43984375 0.234375 0.1328125
0 0.30078125 0.58984375 0.159375 0.375
0 0.37421875 0.89921875 0.14375 0.1859375
0 0.1625 0.83671875 0.1234375 0.2359375
0 0.078125 0.68984375 0.15625 0.2234375