0 0.8890625 0.028125 0.21796875 0.0515625
0 0.14609375 0.95234375 0.2890625 0.090625
0 0.75234375 0.93046875 0.29609375 0.1328125
0 0.86640625 0.69453125 0.2625 0.29921875
0 0.72734375 0.484375 0.54140625 0.1328125
0 0.68359375 0.20859375 0.0640625 0.4171875
0 0.06640625 0.671875 0.13125 0.3359375
0 0.38671875 0.7296875 0.265625 0.3578125
0 0.39296875 0.4375 0.12734375 0.22578125
0 0.23125 0.453125 0.19765625 0.1203125
0 0.1796875 0.2921875 0.1234375 0.2
0 0.2953125 0.16171875 0.109375 0.31484375