0 0.85078125 0.83828125 0.2359375 0.3234375
0 0.825 0.16484375 0.15625 0.240625
0 0.925 0.34453125 0.15 0.1984375
0 0.77578125 0.47421875 0.1859375 0.409375
0 0.21484375 0.190625 0.1671875 0.38125
0 0.409375 0.49296875 0.284375 0.9859375
0 0.628125 0.6453125 0.2125 0.709375
0 0.521875 0.59765625 0.1390625 0.0765625
0 0.625 0.28671875 0.240625 0.1171875
0 0.65390625 0.134375 0.0578125 0.2265625
0 0.13203125 0.44609375 0.2640625 0.2265625
0 0.31953125 0.3359375 0.109375 0.1109375
0 0.30078125 0.45546875 0.1078125 0.1015625