0 0.91796875 0.7140625 0.1640625 0.4
0 0.675 0.0953125 0.16875 0.190625
0 0.8546875 0.18984375 0.2 0.2078125
0 0.7453125 0.37265625 0.2125 0.4125
0 0.1109375 0.29765625 0.1953125 0.43125
0 0.409375 0.509375 0.35 0.98125
0 0.678125 0.59765625 0.2609375 0.7296875
0 0.55703125 0.58203125 0.140625 0.084375
0 0.5359375 0.25546875 0.24375 0.13125
0 0.50546875 0.1078125 0.0734375 0.215625
0 0.13828125 0.5890625 0.2765625 0.240625
0 0.27109375 0.415625 0.1140625 0.115625
0 0.2984375 0.53359375 0.1125 0.10625