0 0.90546875 0.81328125 0.18203125 0.36875
0 0.76875 0.11796875 0.12265625 0.22578125
0 0.915625 0.27734375 0.16484375 0.17421875
0 0.76796875 0.43125 0.1265625 0.39296875
0 0.16640625 0.215625 0.10390625 0.41953125
0 0.4078125 0.4984375 0.1296875 0.99609375
0 0.6515625 0.63515625 0.10078125 0.725
0 0.53671875 0.59296875 0.13203125 0.05546875
0 0.58984375 0.26953125 0.23203125 0.08046875
0 0.59453125 0.11484375 0.0234375 0.22578125
0 0.12578125 0.50546875 0.24453125 0.190625
0 0.29609375 0.36640625 0.0953125 0.09609375
0 0.29609375 0.4875 0.0953125 0.0875